123452b7
00000013
00000013
00000013
00000013
20000317
00000013
00000013
00000013
00000013
0073c3b3
00000013
00000013
00000013
00000013
00238393
00000013
00000013
00000013
00000013
fff3ae13
00000013
00000013
00000013
00000013
fff3be93
00000013
00000013
00000013
00000013
0023cf13
00000013
00000013
00000013
00000013
0013ee13
00000013
00000013
00000013
00000013
0013fe13
00000013
00000013
00000013
00000013
00139e13
00000013
00000013
00000013
00000013
0013de13
00000013
00000013
00000013
00000013
0052c2b3
00000013
00000013
00000013
00000013
ffe28293
00000013
00000013
00000013
00000013
4012de13
00000013
00000013
00000013
00000013
007e0eb3
00000013
00000013
00000013
00000013
41c38eb3
00000013
00000013
00000013
00000013
01c39eb3
00000013
00000013
00000013
00000013
0053aeb3
00000013
00000013
00000013
00000013
0053beb3
00000013
00000013
00000013
00000013
01d3de33
00000013
00000013
00000013
00000013
41d2de33
00000013
00000013
00000013
00000013
01d2ee33
00000013
00000013
00000013
00000013
01d2fe33
